cam0:
  cam_overlaps: [1, 2, 4]
  camera_model: pinhole
  distortion_coeffs: [0.10870206851698291, -0.23027423940597455, -0.0016588811738139147,
    0.008019540783075138]
  distortion_model: radtan
  intrinsics: [608.3241963709353, 603.6796821025044, 341.3605838030159, 240.85831354840025]
  resolution: [640, 480]
  rostopic: /cam_1/color/image_raw
cam1:
  T_cn_cnm1:
  - [0.6600059558677783, 0.7030840937807967, -0.2646977432686185, 0.6173986639585767]
  - [-0.647136334050447, 0.7110330970556257, 0.27503908820972495, -0.5399928563421426]
  - [0.3815844642681512, -0.010231909104581549, 0.924277341854309, -0.05988261251432939]
  - [0.0, 0.0, 0.0, 1.0]
  cam_overlaps: [0, 2, 4]
  camera_model: pinhole
  distortion_coeffs: [0.08034372423112132, -0.2150415683773177, -0.00043846991783077317,
    0.004013514575931993]
  distortion_model: radtan
  intrinsics: [602.9352683321495, 600.8741944791018, 327.6018844628837, 248.15185035715177]
  resolution: [640, 480]
  rostopic: /cam_2/color/image_raw
cam2:
  T_cn_cnm1:
  - [0.686596610515918, 0.26675194467355634, -0.6763346024276137, 0.8704858648793792]
  - [-0.20354440018722314, 0.9635857379289581, 0.17341338706200993, -0.22279057337138392]
  - [0.6979647351983235, 0.01859907720213179, 0.7158905661808603, 0.42916797614493796]
  - [0.0, 0.0, 0.0, 1.0]
  cam_overlaps: [0, 1, 3, 4]
  camera_model: pinhole
  distortion_coeffs: [0.11265976908809422, -0.23533216290469525, 0.010549156369074431,
    0.012615522376036118]
  distortion_model: radtan
  intrinsics: [605.1459228727492, 604.6059934634752, 333.33582431668424, 258.81256278124835]
  resolution: [640, 480]
  rostopic: /cam_3/color/image_raw
cam3:
  T_cn_cnm1:
  - [0.6955634603122598, 0.2144277920717031, -0.6857202014420215, 0.9761751623422538]
  - [-0.14171334863733698, 0.9766206391163623, 0.1616460765683383, -0.05145623605924585]
  - [0.7043499126829112, -0.015259398389155757, 0.7096889116115406, 0.3775956287003105]
  - [0.0, 0.0, 0.0, 1.0]
  cam_overlaps: [2, 4]
  camera_model: pinhole
  distortion_coeffs: [0.14553451139720952, -0.41988315096735074, -0.0007437580140409981,
    0.0013362943987186918]
  distortion_model: radtan
  intrinsics: [624.826758166343, 623.8616269293383, 333.48067663761526, 236.22509933501877]
  resolution: [640, 480]
  rostopic: /cam_4/color/image_raw
cam4:
  T_cn_cnm1:
  - [0.5517255264009884, 0.4669046218988222, -0.6910853909373751, 0.7276348100831858]
  - [-0.6431497181388135, 0.7657306247651067, 0.0038794786761161826, 0.009211370743201868]
  - [0.5309965946929522, 0.4423309669764841, 0.722762708001825, 0.5780026784703127]
  - [0.0, 0.0, 0.0, 1.0]
  cam_overlaps: [0, 1, 2, 3]
  camera_model: pinhole
  distortion_coeffs: [0.07027226027633002, -0.34483889370338067, -0.011012214942233187,
    0.0174108433839139]
  distortion_model: radtan
  intrinsics: [609.6390576289151, 609.5140894171934, 349.0860793956549, 227.11929333108156]
  resolution: [640, 480]
  rostopic: /cam_5/color/image_raw
